6.45304458
0.08661367
0.0025
0.26114152
274.75408358
0.00013185
0.00160833
1.11411584
0.0043516
0.01852513
0.00359287
0.00070625
0.00935273
0.00743305
0.03481049
0.00594559
0.00027189
0.00090909
0.00842745
0.00733934
0.56375918
0.0022564
1.69394
0.08869887
0.0018605
0.00167571
0.22332488
0.0002
0.10384498
0.04073578
0.07559108
0.00733115
0.01129037
0.00961299
0.00272099
0.0190062
0.03858369
0.70616111
0.00133341
0.00479917
0.04763144
0.00074342
0.00102224
0.00012477
0.07366313
0.03785219
0.00307688
0.00536828
0.00110072
0.00865877
0.08795332
0.00123271
0.14247432
0.00150085
0.08054152
0.02355742
0.00109287
0.01078138
3.05837906
4.22759879
0.01244363
10.51401532
3.62021499
0.08665959
0.06506804
0.04543968
0.0060529
0.00779135
0.00836442
0.00369595
0.00365924
0.00366142
0.00573197
0.00304231
0.03752917
0.01509725
0.01086028
0.014827
0.0099297
0.23988358
0.01136424
0.02005728
0.01788764
0.03776432
0.15622779
0.01490267
0.0002
2.81771297
0.5199001
0.49970677
0.00030352
0.00165905
0.00368765
0.32447161
0.00036848
0.01202687
0.1039083
0.22171213
0.00143527
0.09988772
0.01801835
0.4755852
0.1149044
0.05127485
0.00258348
0.00420986
0.03734829
0.00283982
2.96867493
0.01302381
7.38480485
0.2
0.01492565
0.0255257
0.29204636
0.09483385
0.07672166
0.04345045
0.07468258
0.004907
0.20090976
0.00081027
0.00105433
0.02793824
11.8195623
0.35941445
0.00498696
0.00681109
41.599869
0.14617873
0.00473785
5.76770412
0.00184693
0.01437786
0.00436413
0.00054996
0.00093366
0.0037101
0.00822167
0.00065656
0.14438676
0.04770839
0.000025
0.00000546
0.00000546
0.00000546
0.00000546
0.00000546
0.14643381
0.00800338
0.00076
0.07432559
0.00929479
0.00000546
0.0653194
0.00006
0.00018984
0.17922553
0.00235275
1.1591077
0.00007
0.01245379
0.00002833
0.00945168
0.00000546
0.00000546
0.00687895
0.00002821
0.00000546
0.38621417
0.00000546
0.0014485
0.0014485
0.00740848
0.0006452
0.0008153
0.0008149
0.00000546
0.000698
0.00050494
0.00795245
0.00000546
0.00000546
0.00262466
0.00000546
0.00223279
0.00213013
0.007252
0.00119813
0.00093414
0.00066514
0.023744
0.00002632
0.00000546
0.00000546
0.00282364
0.00313238
0.0006844
0.04997694
0.00000546
0.00000546
0.00000546
0.00000546
0.00000546
0.00000546
0.00000546
0.00000546
0.00000546
0.00000546
0.00000546
0.00000546
0.00000546
0.00000546
0.00000546
0.00000546
0.00000546
0.00000546
0.00000546
0.00000546
0.00000546
0.00000546
0.00000546
0.00000546
0.00000546
0.00000546
0.00000546
0.00000546
0.00000546
0.00000546
0.00000546
0.00000546
0.00034019
0.0167242
0.0004199
0.00276036
0.00047887
0.00000546
0.00000546
0.00000546
0.00002785
0.00508743
0.00038773
0.15545077
0.00054296
0.00737095
0.01173685
0.00000546
0.000023
0.00000546
0.00000546
0.00000546
0.00000546
0.00000546
0.00000546
0.0002948
0.00000546
0.00000546
0.00000546
0.0103906
0.00000546
0.00000546
0.00000546
0.1144938
0.00000546
0.00000546
0.00000546
0.00000546
0.0011668
0.00000546
0.0000284
0.00000546
0.00000546
0.00000546
0.00000546
0.00000546
0.0000284
0.00000546
0.00000546
0.00000546
0.00000546
0.00000546
0.0000284
0.00000546
0.00000546
0.00017955
0.00000546
0.00000546
0.0059822
0.00000546
0.00000546
0.00000546
0.00092369
0.00192145
0.00787679
0.00052998
0.00428219
0.01039686
0.03481811
0.01084274
0.00000546
0.00000546
0.00000546
0.00000546
0.00000546
0.00000546
0.00000546
0.00000546
0.00000546
0.00000546
0.00000546
0.00000546
0.00000546
0.00000546
0.00000546
0.00065358
0.00108361
0.00541227
0.00060585
0.00643268
0.00152245
0.00056991
0.01258949
0.01254902
0.1554103
0.00060385
3.10994863
0.00000546
0.01624156
0.00000546
0.00112342
0.00000546
0.00026799
0.00000546
0.00076244
0.00000546
0.00002067
0.00000546
0.00207054
0.00000546
0.00000546
0.00000546
0.00000546
0.00000546
0.00000546
0.00888211
0.00000546
0.00000546
0.00002773
0.00000546
0.00002485
0.00000546
0.00002773
0.00051512
0.00000546
0.00116844
0.00000546
0.00002773
0.00000546
0.00000546
0.00000546
0.0002678
0.00000546
0.00000546
0.00000546
0.00000546
0.00000546
0.00000546
0.00002048
0.10561865
0.09694112
0.00000546
1.29553779
0.00106637
0.00002048
0.00002773
0.00000546
0.00026799
0.00000546
0.00063878
0.00000546
0.00002048
0.00779946
0.00000546
0.00000546
0.00008231
0.00000546
0.00000546
0.00002773
0.0002678
0.00000546
0.00000546
0.00000546
0.00002048
0.00000546
0.00000546
0.00000546
0.00002773
0.00000546
0.00000546
0.00000546
0.00000546
0.00000546
0.00000546
0.00000546
0.00000546
0.0004082
0.00002048
0.00000546
0.00049605
0.0001647
0.0002678
0.01616324
2.9702974
0.00000546
0.00000546
0.00002276
0.00105827
0.00000546
0.00000546
0.00000546
0.00000546
0.00000546
0.00000546
0.00002773
0.00000546
0.00000546
0.00002048
0.00000546
0.00236749
4.463067
0.00000546
0.00000546
0.00116637
0.00057714
0.00000546
0.00000546
0.00000546
0.00518274
0.0001
0.00000546
0.00000546
0.00000546
0.00000546
0.00002048
0.00000546
0.00000546
0.00000546
0.00002773
0.00000546
0.00000546
0.00000546
0.00000546
0.00000546
0.00000546
0.00007839
0.00002773
0.00000546
0
0.00000546
0.00002773
0.16396757
0.00000546
0.00000546
0.00014368
0.00002773
0.00000546
0.00000546
0.00002485
0.00000546
0.00000546
0.00000546
0.00000546
0.00000546
0.00000546
0.00000546
0.00002485
0.00000546
0.00000546
0.00026218
0.00000546
0.00000546
0.00000546
0.00000546
0.00000546
0.00000546
0.00002485
0.00000546
0.00000546
0.00000546
0.00112436
0.00063645
0.00002048
0.00000546
0.02122787
0.00002485
0.00000546
0.00000546
0.00008231
0.00012067
0.00000546
0.00000546
0.00000546
0.00000546
0.00000546
0.00000546
0.00000546
0.00117236
0.00000546
0.01903326
0.00000546
0.00002485
0.00741836
0.00000546
0.00000546
0.00000546
0.00000546
0.00000546
0.00000546
0.0001
0.00000546
5.39543641
0.00000546
0.000268
0.00000546
0.0008822
0.00002773
0.00000546
0.00000546
0.00002048
0.00121104
0.00000546
0.00002773
0.00000546
0.00000546
0.00000546
0.00000546
0.00002485
0.00002773
0.00002773
0.00000546
0.00000546
0.00000546
0.00000546
0.00000546
0.00000546
0.00000546
0.00000546
0.00002773
0.00000546
0.00002773
0.00000546
0.21517088
0.00000546
0.00000546
0.07153818
0.00000546
0.00320712
0.00002773
1.72460543
0.00000546
0.00000546
0.00101054
0.00116846
0.00002485
0.00000546
0.00000546
0.00000546
0.00000546
0.00002048
0.00000546
0.00000546
0.00000546
0.00002773
0.00002048
0.00002048
0.00000546
0.00002048
0.00002773
0.00002048
0.00000546
0.00000546
0.00000546
0.00002773
0.00000546
0.00670569
0.00000546
0.00000546
0.00000546
0.00000546
0.00489235
0.00000546
0.00000546
0.00000546
0.00002773
0.00002048
0.00002048
0.00000546
0.00000546
0.00116637
0.00000546
0.00002773
0.00000546
0.00392535
0.00000546
0.00000546
0.00000546
0.00000546
0.00000546
0.00000546
0.00002048
0.00000546
0.00000546
0.00000546
0.00130784
0.00000546
0.00000546
0.00000546
0.00000546
0.00000546
0.00000546
0.00000546
0.00000546
0.00000546
0.00000546
0.00002067
0.00044096
0.00000546
0.00000546
0.00000546
0.00268042
0.00000546
0.00000546
0.00767666
0.00587341
0.00000546
0.00000546
0.00000546
0.00000546
0.00000546
0.00000546
0.00000546
0.00000546
0.00000546
0.00000546
0.00000546
0.00000546
0.00000546
0.00000546
0.00000546
0.00000546
0.00000546
0.00000546
0.00096857
0.00000546
0.00000546
2.04981174
0.05822446
0.1063445
0.00064497
0.00221858
0.00155243
0.00232111
0.00175589
0.00030612
0.13362763
0.00681368
0.00178854
0.92451585
0.00769578
0.00099889
0.00351736
0.03326718
0.01845387
0.00144879
0.0027648
0.00243748
0.03822462
0.00712596
0.00376186
0.01458031
0.00672935
0.02467115
0.02511046
0.00000546
0.09170049
0.00528407
0.00414212
0.0003624
0.00358493
0.03072703
0.00140132
0.00652434
0.00676568
0.02813214
0.00238609
0.00407761
0.00081173
0.0181663
0.00357026
0.00251382
0.09221185
0.00539748
0.08799048
0.00078513
0.00506883
0.01507132
0.00224909
0.04131598
0.00041965
0.00267638
0.00033831
0.00314362
0.00210045
0.00002848
0.00160313
0.00098722
0.00089986
0.53783818
0.00463422
0.57009572
0.0011137
0.00123659
0.00186976
0.0265611
0.2865411
0.00376229
0.06035026
0.00106799
0.0000593
0.00100385
0.00091586
0.00082631
0.00002504
0.0013373
0.00070595
0.0572854
0.03355326
0.01354028
0.0006909
0.00758359
0.00540459
0.001965
0.00000546
0.00000546
0.00000546
0.00000546
0.00000546
0.00000546
0.00000546
0.00000546
0.00000546
0.03710121
0.00745312
0.00735299
0.01837373
0.01077851
0.0007354
0.04582504
0.04429705
0.04307061
0.04184417
0.04066773
0.03948974
0.03826019
0.03712598
0.00096642
0.00092354
0.00088066
0.02793103
0.00000546
0.00357045
0.0017048
0.01849996
0.00142982
0.0007078
0.00025192
0.002809
0.00000546
0.00000546
0.00000546
0.00000546
0.00000546
0.00000546
0.00000546
0.00000546
0.00000546
0.00000546
0.00000546
0.00000546
0.00000546
0.00000546
0.0059853
0.00000546
0.00000546
0.00000546
0.00000546
0.00049713
0.00000546
0.00000546
0.00000546
0.00000546
0.00000546
0.00000546
0.00000546
0.00000546
0.00000546
0.00000546
0.00000546
0.00000546
0.00000546
0.00000546
0.00000546
0.00000546
0.00167244
0.00197975
0.00197975
0.00197975
0.00197975
0.00069335
0.23792053
0.0016547
0.00141282
0.00000546
0.00000546
0.00000546
0.00000546
0.00000546
0.00000546
0.00000546
0.00000546
0.00000546
0.00000546
0.00000546
0.00000546
0.00000546
0.00000546
0.00000546
0.00000546
0.00000546
0.00000546
0.00000546
0.00000546
0.00000546
0.00000546
0.00000546
0.00000546
0.00000546
0.00000546
0.00000546
0.00000546
0.00000546
0.00000546
0.00000546
0.00000546
0.00000546
0.00000546
0.00000546
0.00000546
0.00000546
0.00000546
0.00000546
0.00000546
0.00000546
0.00000546
0.00000546
0.00000546
0.00000546
0.00000546
0.00000546
0.00000546
0.001586
0.00149378
0.00036968
0.01835838
0.00023361
0.00046562
0.01740456
0.002383
0.03752341
0.0363974
0.03527139
0.03414538
0.03301937
0.03189336
0.03076735
0.02964134
0.00524798
0.00395271
0.00245131
0.0056915
0.00366549
0.00614942
0.00350047
0.01224657
0.00040969
0.00343545
0.000982
0.000982
0.000982
0.000982
0.000982
0.000982
0.000982
0.000982
0.000982
0.000982
0.000982
0.000982
0.000982
0.000982
0.000982
0.000982
0.000982
0.000982
0.000982
0.000982
0.000982
0.000982
0.000982
0.000982
0.000982
0.000982
0.000982
0.000982
0.000982
0.000982
0.000982
0.000982
0.000982
0.000982
0.000982
0.000982
0.000982
0.000982
0.000982
0.000982
0.000982
0.000982
0.000982
0.000982
0.000982
0.000982
0.000982
0.000982
0.000982
0.000982
0.000982
0.000982
0.000982
0.000982
0.000982
0.000982
0.000982
0.000982
0.000982
0.000982
0.000982
0.000982
0.000982
0.000982
0.000982
0.000982
0.000982
0.000982
0.000982
0.000982
0.000982
0.000982
0.000982
0.000982
0.000982
0.000982
0.000982
0.000982
0.000982
0.000982
0.000982
0.000982
0.000982
0.000982
0.000982
0.000982
0.000982
0.000982
0.000982
0.000982
0.000982
0.000982
0.000982
0.000982
0.000982
0.000982
0.000982
0.000982
0.000982
0.000982
0.000982
0.000982
0.000982
0.000982
0.000982
0.000982
0.000982
0.000982
0.000982
0.000982
0.000982
0.000982
0.000982
0.000982
0.000982
0.000982
0.000982
0.000982
0.000982
0.000982
0.000982
0.000982
0.000982
0.000982
0.000982
0.000982
0.000982
0.000982
0.000982
0.000982
0.000982
0.000982
0.000982
0.000982
0.000982
0.000982
0.000982
0.000982
0.000982
0.000982
0.000982
0.000982
0.000982
0.000982
0.000982
0.000982
0.000982
0.000982
0.000982
0.000982
0.000982
0.000982
0.000982
0.000982
0.000982
0.000982
0.000982
0.000982
0.000982
0.000982
0.000982
0.000982
0.000982
0.000982
0.000982
0.000982
0.000982
0.000982
0.000982
0.000982
0.000982
0.000982
0.000982
0.000982
0.000982
0.000982
0.000982
0.000982
0.000982
0.000982
0.000982
0.000982
0.000982
0.000982
0.000982
0.000982
0.000982
0.000982
0.000982
0.000982
0.000982
0.000982
0.000982
0.000982
0.000982
0.000982
0.000982
0.00040676
0.000982
0.000982
0.000982
0.000982
0.000982
0.000982
0.000982
0.000982
0.000982
0.000982
0.000982
0.000982
0.000982
0.000982
0.000982
0.000982
0.000982
0.000982
0.000982
0.000982
0.000982
0.000982
0.000982
0.000982
0.000982
0.000982
0.000982
0.000982
0.000982
0.000982
0.000982
0.000982
0.000982
0.000982
0.000982
0.000982
0.000982
0.000982
0.000982
0.000982
0.000982
0.000982
0.000982
0.000982
0.000982
0.000982
0.000982
0.000982
0.000982
0.000982
0.000982
0.000982
0.000982
0.000982
0.000982
0.000982
0.000982
0.000982
0.000982
0.000982
0.000982
0.000982
0.000982
0.000982
0.000982
0.000982
0.000982
0.000982
0.000982
0.000982
0.000982
0.000982
0.000982
0.000982
0.000982
0.000982
0.000982
0.000982
0.000982
0.000982
0.000982
0.000982
0.000982
0.000982
0.000982
0.000982
0.000982
0.000982
0.000982
0.000982
0.000982
0.000982
0.000982
0.000982
0.000982
0.000982
0.000982
0.000982
0.000982
0.000982
0.000982
0.000982
0.000982
0.000982
0.000982
0.000982
0.000982
0.000982
0.000982
0.000982
0.000982
0.000982
0.000982
0.000982
0.000982
0.000982
0.000982
0.000982
0.000982
0.000982
0.000982
0.000982
0.000982
0.000982
0.000982
0.000982
0.000982
0.000982
0.000982
0.000982
0.000982
0.000982
0.000982
0.000982
0.000982
0.000982
0.000982
0.000982
0.000982
0.000982
0.000982
0.000982
0.000982
0.000982
0.000982
0.000982
0.000982
0.000982
0.000982
0.000982
0.000982
0.000982
0.000982
0.000982
0.000982
0.000982
0.000982
0.000982
0.000982
0.000982
0.000982
0.000982
0.000982
0.000982
0.000982
0.000982
0.000982
0.000982
0.000982
0.000982
0.000982
0.000982
0.000982
0.000982
0.000982
0.000982
0.000982
0.000982
0.000982
0.000982
0.000982
0.000982
0.000982
0.000982
0.000982
0.000982
0.000982
0.000982
0.000982
0.000982
0.000982
0.000982
0.000982
0.000982
0.000982
0.000982
0.000982
0.000982
0.000982
0.000982
0.000982
0.000982
0.000982
0.000982
0.000982
0.000982
0.000982
0.000982
0.000982
0.000982
0.000982
0.000982
0.000982
0.000982
0.000982
0.000982
0.000982
0.000982
0.000982
0.000982
0.000982
0.000982
0.000982
0.000982
0.000982
0.000982
0.000982
0.000982
0.000982
0.000982
0.000982
0.000982
0.000982
0.000982
0.000982
0.000982
0.000982
0.000982
0.000982
0.000982
0.000982
0.000982
0.000982
0.000982
0.000982
0.000982
0.000982
0.000982
0.000982
0.000982
0.000982
0.000982
0.000982
0.000982
0.000982
0.000982
0.000982
0.000982
0.000982
0.000982
0.000982
0.000982
0.000982
0.000982
0.000982
0.000982
0.000982
0.000982
0.000982
0.000982
0.000982
0.000982
0.000982
0.000982
0.000982
0.000982
0.000982
0.000982
0.000982
0.000982
0.000982
0.000982
0.000982
0.000982
0.000982
0.000982
0.000982
0.000982
0.000982
0.000982
0.000982
0.000982
0.000982
0.000982
0.000982
0.000982
0.000982
0.000982
0.000982
0.000982
0.000982
0.000982
0.000982
0.000982
0.000982
0.000982
0.000982
0.000982
0.000982
0.000982
0.000982
0.000982
0.000982
0.000982
0.000982
0.000982
0.000982
0.000982
0.000982
0.000982
0.000982
0.000982
0.000982
0.000982
0.000982
0.000982
0.000982
0.000982
0.000982
0.000982
0.000982
0.000982
0.000982
0.000982
0.000982
0.000982
0.000982
0.000982
0.000982
0.000982
0.000982
0.000982
0.000982
0.000982
0.000982
0.000982
0.000982
0.000982
0.000982
0.000982
0.000982
0.000982
0.000982
0.000982
0.000982
0.000982
0.000982
0.000982
0.000982
0.000982
0.000982
0.000982
0.000982
0.000982
0.000982
0.000982
0.000982
0.000982
0.000982
0.000982
0.000982
0.000982
0.000982
0.000982
0.000982
0.000982
0.000982
0.000982
0.000982
0.000982
0.000982
0.000982
0.000982
0.000982
0.000982
0.000982
0.000982
0.000982
0.000982
0.000982
0.000982
0.000982
0.000982
0.000982
0.000982
0.000982
0.000982
0.000982
0.000982
0.000982
0.000982
0.000982
0.000982
0.000982
0.000982
0.000982
0.000982
0.000982
0.000982
0.000982
0.000982
0.000982
0.000982
0.000982
0.000982
0.000982
0.000982
0.000982
0.000982
0.000982
0.000982
0.000982
0.000982
0.000982
0.000982
0.000982
0.000982
0.000982
0.000982
0.000982
0.000982
0.000982
0.000982
0.000982
0.000982
0.000982
0.000982
0.000982
0.000982
0.000982
0.000982
0.000982
0.000982
0.000982
0.000982
0.000982
0.000982
0.000982
0.000982
0.000982
0.000982
0.000982
0.000982
0.000982
0.000982
0.000982
0.000982
0.000982
0.000982
0.000982
0.000982
0.000982
0.000982
0.000982
0.000982
0.000982
0.000982
0.000982
0.000982
0.000982
0.000982
0.000982
0.000982
0.000982
0.000982
0.000982
0.000982
0.000982
0.000982
0.000982
0.000982
0.000982
0.000982
0.000982
0.000982
0.000982
0.000982
0.000982
0.000982
0.000982
0.000982
0.000982
0.000982
0.000982
0.000982
0.000982
0.000982
0.000982
0.000982
0.000982
0.000982
0.000982
0.000982
0.000982
0.000982
0.000982
0.000982
0.000982
0.000982
0.000982
0.000982
0.000982
0.000982
0.000982
0.000982
0.000982
0.000982
0.000982
0.000982
0.000982
0.000982
0.000982
0.000982
0.000982
0.000982
0.000982
0.000982
0.000982
0.000982
0.000982
0.000982
0.000982
0.000982
0.000982
0.000982
0.000982
0.000982
0.000982
0.000982
0.000982
0.000982
0.000982
0.000982
0.000982
0.000982
0.000982
0.000982
0.000982
0.000982
0.000982
0.000982
0.000982
0.000982
0.000982
0.000982
0.000982
0.000982
0.000982
0.000982
0.000982
0.000982
0.000982
0.000982
0.000982
0.000982
0.000982
0.000982
0.000982
0.000982
0.000982
0.000982
0.000982
0.000982
0.000982
0.000982
0.000982
0.000982
0.000982
0.000982
0.000982
0.000982
0.000982
0.000982
0.000982
0.000982
0.000982
0.000982
0.000982
0.000982
0.000982
0.000982
0.000982
0.000982
0.000982
0.000982
0.000982
0.000982
0.000982
0.000982
0.000982
0.000982
0.000982
0.000982
0.000982
0.000982
0.000982
0.000982
0.000982
0.000982
0.000982
0.000982
0.000982
0.000982
0.000982
0.000982
0.000982
0.000982
0.000982
0.000982
0.000982
0.000982
0.000982
0.000982
0.000982
0.000982
0.000982
0.000982
0.000982
0.000982
0.000982
0.000982
0.000982
0.000982
0.000982
0.000982
0.000982
0.000982
0.000982
0.000982
0.000982
0.000982
0.000982
0.000982
0.000982
0.000982
0.000982
0.000982
0.000982
0.000982
0.000982
0.000982
0.000982
0.000982
0.000982
0.000982
0.000982
0.000982
0.000982
0.000982
0.000982
0.000982
0.000982
0.000982
0.000982
0.000982
0.000982
0.000982
0.000982
0.000982
0.000982
0.000982
0.000982
0.000982
0.000982
0.000982
0.000982
0.000982
0.000982
0.000982
0.000982
0.000982
0.000982
0.000982
0.000982
0.000982
0.000982
0.000982
0.000982
0.000982
0.000982
0.000982
0.000982
0.000982
0.000982
0.000982
0.000982
0.000982
0.000982
0.000982
0.000982
0.000982
0.000982
0.000982
0.000982
0.000982
0.000982
0.000982
0.000982
0.000982
0.000982
0.000982
0.000982
0.000982
0.000982
0.000982
0.000982
0.000982
0.000982
0.000982
0.000982
0.000982
0.000982
0.000982
0.000982
0.000982
0.000982
0.000982
0.000982
0.000982
0.000982
0.000982
0.000982
0.000982
0.000982
0.000982
0.000982
0.000982
0.000982
0.000982
0.000982
0.000982
0.000982
0.000982
0.000982
0.000982
0.000982
0.000982
0.000982
0.000982
0.000982
0.000982
0.000982
0.000982
0.000982
0.000982
0.000982
0.000982
0.000982
0.000982
0.000982
0.000982
0.000982
0.000982
0.000982
0.000982
0.000982
0.000982
0.000982
0.000982
0.000982
0.000982
0.000982
0.000982
0.000982
0.000982
0.000982
0.000982
0.000982
0.000982
0.000982
0.000982
0.000982
0.000982
0.000982
0.000982
0.000982
0.000982
0.000982
0.000982
0.000982
0.000982
0.000982
0.000982
0.000982
0.000982
0.000982
0.000982
0.000982
0.000982
0.000982
0.000982
0.000982
0.000982
0.000982
0.000982
0.000982
0.000982
0.000982
0.000982
0.000982
0.000982
0.000982
0.000982
0.000982
0.000982
0.000982
0.000982
0.000982
0.000982
0.000982
0.000982
0.000982
0.000982
0.000982
0.000982
0.000982
0.000982
0.000982
0.000982
0.000982
0.000982
0.000982
0.000982
0.000982
0.000982
0.000982
0.000982
0.000982
0.000982
0.000982
0.000982
0.000982
0.000982
0.000982
0.000982
0.000982
0.000982
0.000982
0.000982
0.000982
0.000982
0.000982
0.000982
0.000982
0.000982
0.000982
0.000982
0.000982
0.000982
0.000982
0.000982
0.000982
0.000982
0.000982
0.000982
0.000982
0.000982
0.000982
0.000982
0.000982
0.000982
0.000982
0.000982
0.000982
0.000982
0.000982
0.000982
0.000982
0.000982
0.000982
0.000982
0.000982
0.000982
0.000982
0.000982
0.000982
0.000982
0.000982
0.000982
0.000982
0.000982
0.000982
0.000982
0.000982
0.000982
0.000982
0.000982
0.000982
0.000982
0.000982
0.000982
0.000982
0.000982
0.000982
0.000982
0.000982
0.000982
0.000982
0.000982
0.000982
0.000982
0.000982
0.000982
0.000982
0.000982
0.000982
0.000982
0.000982
0.000982
0.000982
0.000982
0.000982
0.000982
0.000982
0.000982
0.000982
0.000982
0.000982
0.000982
0.000982
0.000982
0.000982
0.000982
0.000982
0.000982
0.000982
0.000982
0.000982
0.000982
0.000982
0.000982
0.000982
0.000982
0.000982
0.000982
0.000982
0.000982
0.000982
0.000982
0.000982
0.000982
0.000982
0.000982
0.000982
0.000982
0.000982
0.000982
0.000982
0.000982
0.000982
0.000982
0.000982
0.000982
0.000982
0.000982
0.000982
0.000982
0.000982
0.000982
0.000982
0.000982
0.000982
0.000982
0.000982
0.000982
0.000982
0.000982
0.000982
0.000982
0.000982
0.000982
0.000982
0.000982
0.000982
0.000982
0.000982
0.000982
0.000982
0.000982
0.000982
0.000982
0.000982
0.000982
0.000982
0.000982
0.000982
0.000982
0.000982
0.000982
0.000982
0.000982
0.000982
0.000982
0.000982
0.000982
0.000982
0.000982
0.000982
0.000982
0.000982
0.000982
0.000982
0.000982
0.000982
0.000982
0.000982
0.000982
0.000982
0.000982
0.000982
0.000982
0.000982
0.000982
0.000982
0.000982
0.000982
0.000982
0.000982
0.000982
0.000982
0.000982
0.000982
0.000982
0.000982
0.000982
0.000982
0.000982
0.000982
0.000982
0.000982
0.000982
0.000982
0.000982
0.000982
0.000982
0.000982
0.000982
0.000982
0.000982
0.000982
0.000982
0.000982
0.000982
0.000982
0.000982
0.000982
0.000982
0.000982
0.000982
0.000982
0.000982
0.000982
0.000982
0.000982
0.000982
0.000982
0.000982
0.000982
0.000982
0.000982
0.000982
0.000982
0.000982
0.000982
0.000982
0.000982
0.000982
0.000982
0.000982
0.000982
0.000982
0.000982
0.000982
0.000982
0.000982
0.000982
0.000982
0.000982
0.000982
0.000982
0.000982
0.000982
0.000982
0.000982
0.000982
0.000982
0.000982
0.000982
0.000982
0.000982
0.000982
0.000982
0.000982
0.000982
0.000982
0.000982
0.000982
0.000982
0.000982
0.000982
0.000982
0.000982
0.000982
0.000982
0.000982
0.000982
0.000982
0.000982
0.000982
0.000982
0.000982
0.000982
0.000982
0.000982
0.000982
0.000982
0.000982
0.000982
0.000982
0.000982
0.000982
0.000982
0.000982
0.000982
0.000982
0.000982
0.000982
0.000982
0.000982
0.000982
0.000982
0.000982
0.000982
0.000982
0.000982
0.000982
0.000982
0.000982
0.000982
0.000982
0.000982
0.000982
0.000982
0.000982
0.000982
0.000982
0.000982
0.000982
0.000982
0.000982
0.000982
0.000982
0.000982
0.000982
0.000982
0.000982
0.000982
0.000982
0.000982
0.000982
0.000982
0.000982
0.000982
0.000982
0.000982
0.000982
0.000982
0.000982
0.000982
0.000982
0.000982
0.000982
0.000982
0.000982
0.000982
0.000982
0.000982
0.000982
0.000982
0.000982
0.000982
0.000982
0.000982
0.000982
0.000982
0.000982
0.000982
0.000982
0.000982
0.000982
0.000982
0.000982
0.000982
0.000982
0.000982
0.000982
0.000982
0.000982
0.000982
0.000982
0.000982
0.000982
0.000982
0.000982
0.000982
0.000982
0.000982
0.000982
0.000982
0.000982
0.000982
0.000982
0.000982
0.000982
0.000982
0.000982
0.000982
0.000982
0.000982
0.000982
0.000982
0.000982
0.000982
0.000982
0.000982
0.000982
0.000982
0.000982
0.000982
0.000982
0.000982
0.000982
0.000982
0.000982
0.000982
0.000982
0.000982
0.000982
0.000982
0.000982
0.000982
0.000982
0.000982
0.000982
0.000982
0.000982
0.000982
0.000982
0.000982
0.000982
0.000982
0.000982
0.000982
0.000982
0.000982
0.000982
0.000982
0.000982
0.000982
0.000982
0.000982
0.000982
0.000982
0.000982
0.000982
0.000982
0.000982
0.000982
0.000982
0.000982
0.000982
0.000982
0.000982
0.000982
0.000982
0.000982
0.000982
0.000982
0.000982
0.000982
0.000982
0.000982
0.000982
0.000982
0.000982
0.000982
0.000982
0.000982
0.000982
0.000982
0.000982
0.000982
0.000982
0.000982
0.000982
0.000982
0.000982
0.000982
0.000982
0.000982
0.000982
0.000982
0.000982
0.000982
0.000982
0.000982
0.000982
0.000982
0.000982
0.000982
0.000982
0.000982
0.000982
0.000982
0.000982
0.000982
0.000982
0.000982
0.000982
0.000982
0.000982
0.000982
0.000982
0.000982
0.000982
0.000982
0.000982
0.000982
0.000982
0.000982
0.000982
0.000982
0.000982
0.000982
0.000982
0.000982
0.000982
0.000982
0.000982
0.000982
0.000982
0.000982
0.000982
0.000982
0.000982
0.000982
0.000982
0.000982
0.000982
0.000982
0.000982
0.000982
0.000982
0.000982
0.000982
0.000982
0.000982
0.000982
0.000982
0.000982
0.000982
0.000982
0.000982
0.000982
0.000982
0.000982
0.000982
0.000982
0.000982
0.000982
0.000982
0.000982
0.000982
0.000982
0.000982
0.000982
0.000982
0.000982
0.000982
0.000982
0.000982
0.000982
0.000982
0.000982
0.000982
0.000982
0.000982
0.000982
0.000982
0.000982
0.000982
0.000982
0.000982
0.000982
0.000982
0.000982
0.000982
0.000982
0.000982
0.000982
0.000982
0.000982
0.000982
0.000982
0.000982
0.000982
0.000982
0.000982
0.000982
0.000982
0.000982
0.000982
0.000982
0.000982
0.000982
0.000982
0.000982
0.000982
0.000982
0.000982
0.000982
0.000982
0.000982
0.000982
0.000982
0.000982
0.000982
0.000982
0.000982
0.000982
0.000982
0.000982
0.000982
0.000982
0.000982
0.000982
0.000982
0.000982
0.000982
0.000982
0.000982
0.000982
0.000982
0.000982
0.000982
0.000982
0.000982
0.000982
0.000982
0.000982
0.000982
0.000982
0.000982
0.000982
0.000982
0.000982
0.000982
0.000982
0.000982
0.000982
0.000982
0.000982
0.000982
0.000982
0.000982
0.000982
0.000982
0.000982
0.000982
0.000982
0.000982
0.000982
0.000982
0.000982
0.000982
0.000982
0.000982
0.000982
0.000982
0.000982
0.000982
0.000982
0.000982
0.000982
0.000982
0.000982
0.000982
0.000982
0.000982
0.000982
0.000982
0.000982
0.000982
0.000982
0.000982
0.000982
0.000982
0.000982
0.000982
0.000982
0.000982
0.000982
0.000982
0.000982
0.000982
0.000982
0.000982
0.000982
0.000982
0.000982
0.000982
0.000982
0.000982
0.000982
0.000982
0.000982
0.000982
0.000982
0.000982
0.000982
0.000982
0.000982
0.000982
0.000982
0.000982
0.000982
0.000982
0.000982
0.000982
0.000982
0.000982
0.000982
0.000982
0.000982
0.000982
0.000982
0.000982
0.000982
0.000982
0.000982
0.000982
0.000982
0.000982
0.000982
0.000982
0.000982
0.000982
0.000982
0.000982
0.000982
0.000982
0.000982
0.000982
0.000982
0.000982
0.000982
0.000982
0.000982
0.000982
0.000982
0.000982
0.000982
0.000982
0.000982
0.000982
0.000982
0.000982
0.000982
0.000982
0.000982
0.000982
0.000982
0.000982
0.000982
0.000982
0.000982
0.000982
0.000982
0.000982
0.000982
0.000982
0.000982
0.000982
0.000982
0.000982
0.000982
0.000982
0.000982
0.000982
0.000982
0.000982
0.000982
0.000982
0.000982
0.000982
0.000982
0.000982
0.000982
0.000982
0.000982
0.000982
0.000982
0.000982
0.000982
0.000982
0.000982
0.000982
0.000982
0.000982
0.000982
0.000982
0.000982
0.000982
0.000982
0.000982
0.000982
0.000982
0.000982
0.000982
0.000982
0.000982
0.000982
0.000982
0.000982
0.000982
0.000982
0.000982
0.000982
0.000982
0.000982
0.000982
0.000982
0.000982
0.000982
0.000982
0.000982
0.000982
0.000982
0.000982
0.000982
0.000982
0.000982
0.000982
0.000982
0.000982
0.000982
0.000982
0.000982
0.000982
0.000982
0.000982
0.000982
0.000982
0.000982
0.000982
0.000982
0.000982
0.000982
0.000982
0.000982
0.000982
0.000982
0.000982
0.000982
0.000982
0.000982
0.000982
0.000982
0.000982
0.000982
0.000982
0.000982
0.000982
0.000982
0.000982
0.000982
0.000982
0.000982
0.000982
0.000982
0.000982
0.000982
0.000982
0.000982
0.000982
0.000982
0.000982
0.000982
0.000982
0.000982
0.000982
0.000982
0.000982
0.000982
0.000982
0.000982
0.000982
0.000982
0.000982
0.000982
0.000982
0.000982
0.000982
0.000982
0.000982
0.000982
0.000982
0.000982
0.000982
0.000982
0.000982
0.000982
0.000982
0.000982
0.000982
0.000982
0.000982
0.000982
0.000982
0.000982
0.000982
0.000982
0.000982
0.000982
0.000982
0.000982
0.000982
0.000982
0.000982
0.000982
0.000982
0.000982
0.000982
0.000982
0.000982
0.000982
0.000982
0.000982
0.000982
0.000982
0.000982
0.000982
0.000982
0.000982
0.000982
0.000982
0.000982
0.000982
0.000982
0.000982
0.000982
0.000982
0.000982
0.000982
0.000982
0.000982
0.000982
0.000982
0.000982
0.000982
0.000982
0.000982
0.000982
0.000982
0.000982
0.000982
0.000982
0.000982
0.000982
0.000982
0.000982
0.000982
0.000982
0.000982
0.000982
0.000982
0.000982
0.000982
0.000982
0.000982
0.000982
0.000982
0.000982
0.000982
0.000982
0.000982
0.000982
0.000982
0.000982
0.000982
0.000982
0.000982
0.000982
0.000982
0.000982
0.000982
0.000982
0.000982
0.000982
0.000982
0.000982
0.000982
0.000982
0.000982
0.000982
0.000982
0.000982
0.000982
0.000982
0.000982
0.000982
0.000982
0.000982
0.000982
0.000982
0.000982
0.000982
0.000982
0.000982
0.000982
0.000982
0.000982
0.000982
0.000982
0.000982
0.000982
0.000982
0.000982
0.000982
0.000982
0.000982
0.000982
0.000982
0.000982
0.000982
0.000982
0.000982
0.000982
0.000982
0.000982
0.000982
0.000982
0.000982
0.000982
0.000982
0.000982
0.000982
0.000982
0.000982
0.000982
0.000982
0.000982
0.000982
0.000982
0.000982
0.000982
0.000982
0.000982
0.000982
0.000982
0.000982
0.000982
0.000982
0.000982
0.000982
0.000982
0.000982
0.000982
0.000982
0.000982
0.000982
0.000982
0.000982
0.000982
0.000982
0.000982
0.000982
0.000982
0.000982
0.000982
0.000982
0.000982
0.000982
0.000982
0.000982
0.000982
0.000982
0.000982
0.000982
0.000982
0.000982
0.000982
0.000982
0.000982
0.000982
0.000982
0.000982
0.000982
0.000982
0.000982
0.000982
0.000982
0.000982
0.000982
0.000982
0.000982
0.000982
0.000982
0.000982
0.000982
0.000982
0.000982
0.000982
0.000982
0.000982
0.000982
0.000982
0.000982
0.000982
0.000982
0.000982
0.000982
0.000982
0.000982
0.000982
0.000982
0.000982
0.000982
0.000982
0.000982
0.000982
0.000982
0.000982
0.000982
0.000982
0.000982
0.000982
0.000982
0.000982
0.000982
0.000982
0.000982
0.000982
0.000982
0.000982
0.000982
0.000982
0.000982
0.000982
0.000982
0.000982
0.000982
0.000982
0.000982
0.000982
0.000982
0.000982
0.000982
0.000982
0.000982
0.000982
0.000982
0.000982
0.000982
0.000982
0.000982
0.000982
0.000982
0.000982
0.000982
0.000982
0.000982
0.000982
0.000982
0.000982
0.000982
0.000982
0.000982
0.000982
0.000982
0.000982
0.000982
0.000982
0.000982
0.000982
0.000982
0.000982
0.000982
0.000982
0.000982
0.000982
0.000982
0.000982
0.000982
0.000982
0.000982
0.000982
0.000982
0.000982
0.000982
0.000982
0.000982
0.000982
0.000982
0.000982
0.000982
0.000982
0.000982
0.000982
0.000982
0.000982
0.000982
0.000982
0.000982
0.000982
0.000982
0.000982
0.000982
0.000982
0.000982
0.000982
0.000982
0.000982
0.000982
0.000982
0.000982
0.000982
0.000982
0.000982
0.000982
0.000982
0.000982
0.000982
0.000982
0.000982
0.000982
0.000982
0.000982
0.000982
0.000982
0.000982
0.000982
0.000982
0.000982
0.000982
0.000982
0.000982
0.000982
0.000982
0.000982
0.000982
0.000982
0.000982
0.000982
0.000982
0.000982
0.000982
0.000982
0.000982
0.000982
0.000982
0.000982
0.000982
0.000982
0.000982
0.000982
0.000982
0.000982
0.000982
0.000982
0.000982
0.000982
0.000982
0.000982
0.000982
0.000982
0.000982
0.000982
0.000982
0.000982
0.000982
0.000982
0.000982
0.000982
0.000982
0.000982
0.000982
0.000982
0.000982
0.000982
0.000982
0.000982
0.000982
0.000982
0.000982
0.000982
0.000982
0.000982
0.000982
0.000982
0.000982
0.000982
0.000982
0.000982
0.000982
0.000982
0.000982
0.000982
0.000982
0.000982
0.000982
0.000982
0.000982
0.000982
0.000982
0.000982
0.000982
0.000982
0.000982
0.000982
0.000982
0.000982
0.000982
0.000982
0.000982
0.000982
0.000982
0.000982
0.000982
0.000982
0.000982
0.000982
0.000982
0.000982
0.000982
0.000982
0.000982
0.000982
0.000982
0.000982
0.000982
0.000982
0.00022921
0.000982
0.000982
0.000982
0.000982
0.000982
0.000982
0.000982
0.000982
0.000982
0.000982
0.000982
0.000982
0.000982
0.000982
0.000982
0.000982
0.000982
0.000982
0.000982
0.000982
0.000982
0.000982
0.000982
0.000982
0.000982
0.000982
0.000982
0.000982
0.000982
0.000982
0.000982
0.000982
0.000982
0.000982
0.000982
0.000982
0.000982
0.000982
0.000982
0.000982
0.000982
0.000982
0.000982
0.000982
0.000982
0.000982
0.000982
0.000982
0.000982
0.000982
0.000982
0.000982
0.000982
0.000982
0.000982
0.000982
0.000982
0.000982
0.000982
0.000982
0.000982
0.000982
0.000982
0.000982
0.000982
0.000982
0.000982
0.000982
0.000982
0.000982
0.000982
0.000982
0.000982
0.000982
0.000982
0.000982
0.000982
0.000982
0.000982
0.000982
0.000982
0.000982
0.000982
0.000982
0.000982
0.000982
0.000982
0.000982
0.000982
0.000982
0.000982
0.000982
0.000982
0.000982
0.000982
0.000982
0.000982
0.000982
0.000982
0.000982
0.000982
0.000982
0.000982
0.000982
0.000982
0.000982
0.000982
0.000982
0.000982
0.000982
0.000982
0.000982
0.000982
0.000982
0.000982
0.000982
0.000982
0.000982
0.000982
0.000982
0.000982
0.000982
0.000982
0.000982
0.000982
0.000982
0.000982
0.000982
0.000982
0.000982
0.000982
0.000982
0.000982
0.000982
0.000982
0.000982
0.000982
0.000982
0.000982
0.000982
0.000982
0.000982
0.000982
0.000982
0.000982
0.000982
0.000982
0.000982
0.000982
0.000982
0.000982
0.000982
0.000982
0.000982
0.000982
0.000982
0.000982
0.000982
0.000982
0.000982
0.000982
0.000982
0.000982
0.000982
0.000982
0.000982
0.000982
0.000982
0.000982
0.000982
0.000982
0.000982
0.000982
0.000982
0.000982
0.000982
0.000982
0.000982
0.000982
0.000982
0.000982
0.000982
0.000982
0.000982
0.000982
0.000982
0.000982
0.000982
0.000982
0.000982
0.000982
0.000982
0.000982
0.000982
0.000982
0.000982
0.000982
0.000982
0.000982
0.000982
0.000982
0.000982
0.000982
0.000982
0.000982
0.000982
0.000982
0.000982
0.000982
0.000982
0.000982
0.000982
0.000982
0.000982
0.000982
0.000982
0.000982
0.000982
0.000982
0.000982
0.000982
0.000982
0.000982
0.000982
0.000982
0.000982
0.000982
0.000982
0.000982
0.000982
0.000982
0.000982
0.000982
0.000982
0.000982
0.000982
0.000982
0.000982
0.000982
0.000982
0.000982
0.000982
0.000982
0.000982
0.000982
0.000982
0.000982
0.000982
0.000982
0.000982
0.000982
0.000982
0.000982
0.000982
0.000982
0.000982
0.000982
0.000982
0.000982
0.000982
0.000982
0.000982
0.000982
0.000982
0.000982
0.000982
0.000982
0.000982
0.000982
0.000982
0.000982
0.000982
0.000982
0.000982
0.000982
0.000982
0.000982
0.000982
0.000982
0.000982
0.000982
0.000982
0.000982
0.000982
0.000982
0.000982
0.000982
0.000982
0.000982
0.000982
0.000982
0.000982
0.000982
0.000982
0.000982
0.000982
0.000982
0.000982
0.000982
0.000982
0.000982
0.000982
0.000982
0.000982
0.000982
0.000982
0.000982
0.000982
0.000982
0.000982
0.000982
0.000982
0.000982
0.000982
0.000982
0.000982
0.000982
0.000982
0.000982
0.000982
0.000982
0.000982
0.000982
0.000982
0.000982
0.000982
0.000982
0.000982
0.000982
0.000982
0.000982
0.000982
0.000982
0.000982
0.000982
0.000982
0.000982
0.000982
0.000982
0.000982
0.000982
0.000982
0.000982
0.000982
0.000982
0.000982
0.000982
0.000982
0.000982
0.000982
0.000982
0.000982
0.000982
0.000982
0.000982
0.000982
0.000982
0.000982
0.000982
0.000982
0.000982
0.000982
0.000982
0.000982
0.000982
0.000982
0.000982
0.000982
0.000982
0.000982
0.000982
0.000982
0.000982
0.000982
0.000982
0.000982
0.000982
0.000982
0.000982
0.000982
0.000982
0.000982
0.000982
0.000982
0.000982
0.000982
0.000982
0.000982
0.000982
0.000982
0.000982
0.000982
0.000982
0.000982
0.000982
0.000982
0.000982
0.000982
0.000982
0.000982
0.000982
0.000982
0.000982
0.000982
0.000982
0.000982
0.000982
0.000982
0.000982
0.000982
0.000982
0.000982
0.000982
0.000982
0.000982
0.000982
0.000982
0.000982
0.000982
0.000982
0.000982
0.000982
0.000982
0.000982
0.000982
0.000982
0.000982
0.000982
0.000982
0.000982
0.000982
0.000982
0.000982
0.000982
0.000982
0.000982
0.000982
0.000982
0.000982
0.000982
0.000982
0.000982
0.000982
0.000982
0.000982
0.000982
0.000982
0.000982
0.000982
0.000982
0.000982
0.000982
0.000982
0.000982
0.000982
0.000982
0.000982
0.000982
0.000982
0.000982
0.000982
0.000982
0.000982
0.000982
0.000982
0.000982
0.000982
0.000982
0.000982
0.000982
0.000982
0.000982
0.000982
0.000982
0.000982
0.000982
0.000982
0.000982
0.000982
0.000982
0.000982
0.000982
0.000982
0.000982
0.000982
0.000982
0.000982
0.000982
0.000982
0.000982
0.000982
0.000982
0.000982
0.000982
0.000982
0.000982
0.000982
0.000982
0.000982
0.000982
0.000982
0.000982
0.000982
0.000982
0.000982
0.000982
0.000982
0.000982
0.000982
0.000982
0.000982
0.000982
0.000982
0.000982
0.000982
0.000982
0.000982
0.000982
0.000982
0.000982
0.000982
0.000982
0.000982
0.000982
0.000982
0.000982
0.000982
0.000982
0.000982
0.000982
0.000982
0.000982
0.000982
0.000982
0.000982
0.000982
0.000982
0.000982
0.000982
0.000982
0.000982
0.000982
0.000982
0.000982
0.000982
0.000982
0.000982
0.000982
0.000982
0.000982
0.000982
0.000982
0.000982
0.000982
0.000982
0.000982
0.000982
0.000982
0.000982
0.000982
0.000982
0.000982
0.000982
0.000982
0.000982
0.000982
0.000982
0.000982
0.000982
0.000982
0.000982
0.000982
0.000982
0.000982
0.000982
0.000982
0.000982
0.000982
0.000982
0.000982
0.000982
0.000982
0.000982
0.000982
0.000982
0.000982
0.000982
0.000982
0.000982
0.000982
0.000982
0.000982
0.000982
0.000982
0.000982
0.000982
0.000982
0.000982
0.000982
0.000982
0.000982
0.000982
0.000982
0.000982
0.000982
0.000982
0.000982
0.000982
0.000982
0.000982
0.000982
0.000982
0.000982
0.000982
0.000982
0.000982
0.000982
0.000982
0.000982
0.000982
0.000982
0.000982
0.000982
0.000982
0.000982
0.000982
0.000982
0.000982
0.000982
0.000982
0.000982
0.000982
0.000982
0.000982
0.000982
0.000982
0.000982
0.000982
0.000982
0.000982
0.000982
0.000982
0.000982
0.000982
0.000982
0.000982
0.000982
0.000982
0.000982
0.000982
0.000982
0.000982
0.000982
0.000982
0.000982
0.000982
0.000982
0.000982
0.000982
0.000982
0.000982
0.000982
0.000982
0.000982
0.000982
0.000982
0.000982
0.000982
0.000982
0.000982
0.000982
0.000982
0.000982
0.000982
0.000982
0.000982
0.000982
0.000982
0.000982
0.000982
0.000982
0.000982
0.000982
0.000982
0.000982
0.000982
0.000982
0.000982
0.000982
0.000982
0.000982
0.000982
0.000982
0.000982
0.000982
0.000982
0.000982
0.000982
0.000982
0.000982
0.000982
0.000982
0.000982
0.000982
0.000982
0.000982
0.000982
0.000982
0.000982
0.000982
0.000982
0.000982
0.000982
0.000982
0.000982
0.000982
0.000982
0.000982
0.000982
0.000982
0.000982
0.000982
0.000982
0.000982
0.000982
0.000982
0.000982
0.000982
0.000982
0.000982
0.000982
0.000982
0.000982
0.000982
0.000982
0.000982
0.000982
0.000982
0.000982
0.000982
0.000982
0.000982
0.000982
0.000982
0.000982
0.000982
0.000982
0.000982
0.000982
0.000982
0.000982
0.000982
0.000982
0.000982
0.000982
0.000982
0.000982
0.000982
0.000982
0.000982
0.000982
0.000982
0.000982
0.000982
0.000982
0.000982
0.000982
0.000982
0.000982
0.000982
0.000982
0.000982
0.000982
0.000982
0.000982
0.000982
0.000982
0.000982
0.000982
0.000982
0.000982
0.000982
0.000982
0.000982
0.000982
0.000982
0.000982
0.000982
0.000982
0.000982
0.000982
0.000982
0.000982
0.000982
0.000982
0.000982
0.000982
0.000982
0.000982
0.000982
0.000982
0.000982
0.000982
0.000982
0.000982
0.000982
0.000982
0.000982
0.000982
0.000982
0.000982
0.000982
0.000982
0.000982
0.000982
0.000982
0.000982
0.000982
0.000982
0.000982
0.000982
0.000982
0.000982
0.000982
0.000982
0.000982
0.000982
0.000982
0.000982
0.000982
0.000982
0.000982
0.000982
0.000982
0.000982
0.000982
0.000982
0.000982
0.000982
0.000982
0.000982
0.000982
0.000982
0.000982
0.000982
0.000982
0.000982
0.000982
0.000982
0.000982
0.000982
0.000982
0.000982
0.000982
0.000982
0.000982
0.000982
0.000982
0.000982
0.000982
0.000982
0.000982
0.000982
0.000982
0.000982
0.000982
0.000982
0.000982
0.000982
0.000982
0.000982
0.000982
0.000982
0.000982
0.000982
0.000982
0.000982
0.000982
0.000982
0.000982
0.000982
0.000982
0.000982
0.000982
0.000982
0.000982
0.000982
0.000982
0.000982
0.000982
0.000982
0.000982
0.000982
0.000982
0.000982
0.000982
0.000982
0.000982
0.000982
0.000982
0.000982
0.000982
0.000982
0.000982
0.000982
0.000982
0.000982
0.000982
0.000982
0.000982
0.000982
0.000982
0.000982
0.000982
0.000982
0.000982
0.000982
0.000982
0.000982
0.000982
0.000982
0.000982
0.000982
0.000982
0.000982
0.000982
0.000982
0.000982
0.000982
0.000982
0.000982
0.000982
0.000982
0.000982
0.000982
0.000982
0.000982
0.000982
0.000982
0.000982
0.000982
0.000982
0.000982
0.000982
0.000982
0.000982
0.000982
0.000982
0.000982
0.000982
0.000982
0.000982
0.000982
0.000982
0.000982
0.000982
0.000982
0.000982
0.000982
0.000982
0.000982
0.000982
0.000982
0.000982
0.000982
0.000982
0.000982
0.000982
0.000982
0.000982
0.000982
0.000982
0.000982
0.000982
0.000982
0.000982
0.000982
0.000982
0.000982
0.000982
0.000982
0.000982
0.000982
0.000982
0.000982
0.000982
0.000982
0.000982
0.000982
0.000982
0.000982
0.000982
0.000982
0.000982
0.000982
0.000982
0.000982
0.000982
0.000982
0.000982
0.000982
0.000982
0.000982
0.000982
0.000982
0.000982
0.000982
0.000982
0.000982
0.000982
0.000982
0.000982
0.000982
0.000982
0.000982
0.000982
0.000982
0.000982
0.000982
0.000982
0.000982
0.000982
0.000982
0.000982
0.000982
0.000982
0.000982
0.000982
0.000982
0.000982
0.000982
0.000982
0.000982
0.000982
0.000982
0.000982
0.000982
0.000982
0.000982
0.000982
0.000982
0.000982
0.000982
0.000982
0.000982
0.000982
0.000982
0.000982
0.000982
0.000982
0.000982
0.000982
0.000982
0.000982
0.000982
0.000982
0.000982
0.000982
0.000982
0.000982
0.000982
0.000982
0.000982
0.000982
0.000982
0.000982
0.000982
0.000982
0.000982
0.000982
0.000982
0.000982
0.000982
0.000982
0.000982
0.000982
0.000982
0.000982
0.000982
0.000982
0.000982
0.000982
0.000982
0.000982
0.000982
0.000982
0.000982
0.000982
0.000982
0.000982
0.000982
0.000982
0.000982
0.000982
0.000982
0.000982
0.000982
0.000982
0.000982
0.000982
0.000982
0.000982
0.000982
0.000982
0.000982
0.000982
0.000982
0.000982
0.000982
0.000982
0.000982
0.000982
0.000982
0.000982
0.000982
0.000982
0.000982
0.000982
0.000982
0.000982
0.000982
0.000982
0.000982
0.000982
0.000982
0.000982
0.000982
0.000982
0.000982
0.000982
0.000982
0.000982
0.000982
0.000982
0.000982
0.000982
0.000982
0.000982
0.000982
0.000982
0.000982
0.000982
0.000982
0.000982
0.000982
0.000982
0.000982
0.000982
0.000982
0.000982
0.000982
0.000982
0.000982
0.000982
0.000982
0.000982
0.000982
0.000982
0.000982
0.000982
0.000982
0.000982
0.000982
0.000982
0.000982
0.000982
0.000982
0.000982
0.000982
0.000982
0.000982
0.000982
0.000982
0.000982
0.000982
0.000982
0.000982
0.000982
0.000982
0.000982
0.000982
0.000982
0.000982
0.000982
0.000982
0.000982
0.000982
0.000982
0.000982
0.000982
0.000982
0.000982
0.000982
0.000982
0.000982
0.000982
0.000982
0.000982
0.000982
0.000982
0.000982
0.000982
0.000982
0.000982
0.000982
0.000982
0.000982
0.000982
0.000982
0.000982
0.000982
0.000982
0.000982
0.000982
0.000982
0.000982
0.000982
0.000982
0.000982
0.000982
0.000982
0.000982
0.000982
0.000982
0.000982
0.000982
0.000982
0.000982
0.000982
0.000982
0.000982
0.000982
0.000982
0.000982
0.000982
0.000982
0.000982
0.000982
0.000982
0.000982
0.000982
0.000982
0.000982
0.000982
0.000982
0.000982
0.000982
0.000982
0.000982
0.000982
0.000982
0.000982
0.000982
0.000982
0.000982
0.000982
0.000982
0.000982
0.000982
0.000982
0.000982
0.000982
0.000982
0.000982
0.000982
0.000982
0.000982
0.000982
0.000982
0.000982
0.000982
0.000982
0.000982
0.000982
0.000982
0.000982
0.000982
0.000982
0.000982
0.000982
0.000982
0.000982
0.000982
0.000982
0.000982
0.000982
0.000982
0.000982
0.000982
0.000982
0.000982
0.000982
0.000982
0.000982
0.000982
0.000982
0.000982
0.000982
0.000982
0.000982
0.000982
0.000982
0.000982
0.000982
0.000982
0.000982
0.000982
0.000982
0.000982
0.000982
0.000982
0.000982
0.000982
0.000982
0.000982
0.000982
0.000982
0.000982
0.000982
0.000982
0.000982
0.000982
0.000982
0.000982
0.000982
0.000982
0.000982
0.000982
0.000982
0.000982
0.000982
0.000982
0.000982
0.000982
0.000982
0.000982
0.000982
0.000982
0.000982
0.000982
0.000982
0.000982
0.000982
0.000982
0.000982
0.000982
0.000982
0.000982
0.000982
0.000982
0.000982
0.000982
0.000982
0.000982
0.000982
0.000982
0.000982
0.000982
0.000982
0.000982
0.000982
0.000982
0.000982
0.000982
0.000982
0.000982
0.000982
0.000982
0.000982
0.000982
0.000982
0.000982
0.000982
0.000982
0.000982
0.000982
0.000982
0.000982
0.000982
0.000982
0.000982
0.000982
0.000982
0.000982
0.000982
0.000982
0.000982
0.000982
0.000982
0.000982
0.000982
0.000982
0.000982
0.000982
0.000982
0.000982
0.000982
0.000982
0.000982
0.000982
0.000982
0.000982
0.000982
0.000982
0.000982
0.000982
0.000982
0.000982
0.000982
0.000982
0.000982
0.000982
0.000982
0.000982
0.000982
0.000982
0.000982
0.000982
0.000982
0.000982
0.000982
0.000982
0.000982
0.000982
0.000982
0.000982
0.000982
0.000982
0.000982
0.000982
0.000982
0.000982
0.000982
0.000982
0.000982
0.000982
0.000982
0.000982
0.000982
0.000982
0.000982
0.000982
0.000982
0.000982
0.000982
0.000982
0.000982
0.000982
0.000982
0.000982
0.000982
0.000982
0.000982
0.000982
0.000982
0.000982
0.000982
0.000982
0.000982
0.000982
0.000982
0.000982
0.000982
0.000982
0.000982
0.000982
0.000982
0.000982
0.000982
0.000982
0.000982
0.000982
0.000982
0.000982
0.000982
0.000982
0.000982
0.000982
0.000982
0.000982
0.000982
0.000982
0.000982
0.000982
0.000982
0.000982
0.000982
0.000982
0.000982
0.000982
0.000982
0.000982
0.000982
0.000982
0.000982
0.000982
0.000982
0.000982
0.000982
0.000982
0.000982
0.000982
0.000982
0.000982
0.000982
0.000982
0.000982
0.000982
0.000982
0.000982
0.000982
0.000982
0.000982
0.000982
0.000982
0.000982
0.000982
0.000982
0.000982
0.000982
0.000982
0.000982
0.000982
0.000982
0.000982
0.000982
0.000982
0.000982
0.000982
0.000982
0.000982
0.000982
0.000982
0.000982
0.000982
0.000982
0.000982
0.000982
0.000982
0.000982
0.000982
0.000982
0.000982
0.000982
0.000982
0.000982
0.000982
0.000982
0.000982
0.000982
0.000982
0.000982
0.000982
0.000982
0.000982
0.000982
0.000982
0.000982
0.000982
0.000982
0.000982
0.000982
0.000982
0.000982
0.000982
0.000982
0.000982
0.000982
0.000982
0.000982
0.000982
0.000982
0.000982
0.000982
0.000982
0.000982
0.000982
0.000982
0.000982
0.000982
0.000982
0.000982
0.000982
0.000982
0.000982
0.000982
0.000982
0.000982
0.000982
0.000982
0.000982
0.000982
0.000982
0.000982
0.000982
0.000982
0.000982
0.000982
0.000982
0.000982
0.000982
0.000982
0.000982
0.000982
0.000982
0.000982
0.000982
0.000982
0.000982
0.000982
0.000982
0.000982
0.000982
0.000982
0.000982
0.000982
0.000982
0.000982
0.000982
0.000982
0.000982
0.000982
0.000982
0.000982
0.000982
0.000982
0.000982
0.000982
0.000982
0.000982
0.000982
0.000982
0.000982
0.000982
0.000982
0.000982
0.000982
0.000982
0.000982
0.000982
0.000982
0.000982
0.000982
0.000982
0.000982
0.000982
0.000982
0.000982
0.000982
0.000982
0.000982
0.000982
0.000982
0.000982
0.000982
0.000982
0.000982
0.000982
0.000982
0.000982
0.000982
0.000982
0.000982
0.000982
0.000982
0.000982
0.000982
0.000982
0.000982
0.000982
0.000982
0.000982
0.000982
0.000982
0.000982
0.000982
0.000982
0.000982
0.000982
0.000982
0.000982
0.000982
0.000982
0.000982
0.000982
0.000982
0.000982
0.000982
0.000982
0.000982
0.000982
0.000982
0.000982
0.000982
0.000982
0.000982
0.000982
0.000982
0.000982
0.000982
0.000982
0.000982
0.000982
0.000982
0.000982
0.000982
0.000982
0.000982
5.00338
0.000982
0.000982
0.000982
0.000982
0.000982
0.000982
0.000982
0.000982
0.000982
0.000982
0.000982
0.000982
0.000982
0.000982
0.000982
0.000982
0.000982
0.000982
0.000982
0.000982
0.000982
0.000982
0.000982
0.000982
0.000982
0.000982
0.000982
0.000982
0.000982
0.000982
0.000982
0.000982
0.000982
0.000982
0.000982
0.000982
0.000982
0.000982
0.000982
0.000982
0.000982
0.000982
0.000982
0.000982
0.000982
0.000982
0.000982
0.000982
0.000982
0.000982
0.000982
0.000982
0.000982
0.000982
0.000982
0.000982
0.000982
0.000982
0.000982
0.000982
0.000982
0.000982
0.000982
0.000982
0.000982
0.000982
0.000982
0.000982
0.000982
0.000982
0.000982
0.000982
0.000982
0.000982
0.000982
0.000982
0.000982
0.000982
0.000982
0.000982
0.000982
0.000982
0.000982
0.000982
0.000982
0.000982
0.000982
0.000982
0.000982
0.000982
0.000982
0.000982
0.000982
0.000982
0.000982
0.000982
0.000982
0.000982
0.000982
0.000982
0.000982
0.000982
0.000982
0.000982
0.000982
0.000982
0.000982
0.000982
0.000982
0.000982
0.000982
0.000982
0.000982
0.000982
0.000982
0.000982
0.000982
0.000982
0.000982
0.000982
0.000982
0.000982
0.000982
0.000982
0.000982
0.000982
0.000982
0.000982
0.000982
0.000982
0.000982
0.000982
0.000982
0.000982
0.000982
0.000982
0.000982
0.000982
0.000982
0.000982
0.000982
0.000982
0.000982
0.000982
0.000982
0.000982
0.000982
0.000982
0.000982
0.000982
0.000982
0.000982
0.000982
0.000982
0.000982
0.000982
0.000982
0.000982
0.000982
0.000982
0.000982
0.000982
0.000982
0.000982
0.000982
0.000982
0.000982
0.000982
0.000982
0.000982
0.000982
0.000982
0.000982
0.000982
0.000982
0.000982
0.000982
0.000982
0.000982
0.000982
0.000982
0.000982
0.000982
0.000982
0.000982
0.000982
0.000982
0.000982
0.000982
0.000982
0.000982
0.000982
0.000982
0.000982
0.000982
0.000982
0.000982
0.000982
0.000982
0.000982
0.000982
0.000982
0.000982
0.000982
0.000982
0.000982
0.000982
0.000982
0.000982
0.000982
0.000982
0.000982
0.000982
0.000982
0.000982
0.000982
0.000982
0.000982
0.000982
0.000982
0.000982
0.000982
0.000982
0.000982
0.000982
0.000982
0.000982
0.000982
0.000982
0.000982
0.000982
0.000982
0.000982
0.000982
0.000982
0.000982
0.000982
0.000982
0.000982
0.000982
0.000982
0.000982
0.000982
0.000982
0.000982
0.000982
0.000982
0.000982
0.000982
0.000982
0.000982
0.000982
0.000982
0.000982
0.000982
0.000982
0.000982
0.000982
0.000982
0.000982
0.000982
0.000982
0.000982
0.000982
0.000982
0.000982
0.000982
0.000982
0.000982
0.000982
0.000982
0.000982
0.000982
0.000982
0.000982
0.000982
0.000982
0.000982
0.000982
0.000982
0.000982
0.000982
0.000982
0.000982
0.000982
0.000982
0.000982
0.000982
0.000982
0.000982
0.000982
0.000982
0.000982
0.000982
0.000982
0.000982
0.000982
0.000982
0.000982
0.000982
0.000982
0.000982
0.000982
0.000982
0.000982
0.000982
0.000982
0.000982
0.000982
0.000982
0.000982
0.000982
0.000982
0.000982
0.000982
0.000982
0.000982
0.000982
0.000982
0.000982
0.000982
0.000982
0.000982
0.000982
0.000982
0.000982
0.000982
0.000982
0.000982
0.000982
0.000982
0.000982
0.000982
0.000982
0.000982
0.000982
0.000982
0.000982
0.000982
0.000982
0.000982
0.000982
0.000982
0.000982
0.000982
0.000982
0.000982
0.000982
0.000982
0.000982
0.000982
0.000982
0.000982
0.000982
0.000982
0.000982
0.000982
0.000982
0.000982
0.000982
0.000982
0.000982
0.000982
0.000982
0.000982
0.000982
0.000982
0.000982
0.000982
0.000982
0.000982
0.000982
0.000982
0.000982
0.000982
0.000982
0.000982
0.000982
0.000982
0.000982
0.000982
0.000982
0.000982
0.000982
0.000982
0.000982
0.000982
0.000982
0.000982
0.000982
0.000982
0.000982
0.000982
0.000982
0.000982
0.000982
0.000982
0.000982
0.000982
0.000982
0.000982
0.000982
0.000982
0.000982
0.000982
0.000982
0.000982
0.000982
0.000982
0.000982
0.000982
0.000982
0.000982
0.000982
0.000982
0.000982
0.000982
0.000982
0.000982
0.000982
0.000982
0.000982
0.000982
0.000982
0.000982
0.000982
0.000982
0.000982
0.000982
0.000982
0.000982
0.000982
0.000982
0.000982
0.000982
0.000982
0.000982
0.000982
0.000982
0.000982
0.000982
0.000982
0.000982
0.000982
0.000982
0.000982
0.000982
0.000982
0.000982
0.000982
0.000982
0.000982
0.000982
0.000982
0.000982
0.000982
0.000982
0.000982
0.000982
0.000982
0.000982
0.000982
0.000982
0.000982
0.000982
0.000982
0.000982
0.000982
0.000982
0.000982
0.000982
0.000982
0.000982
0.000982
0.000982
0.000982
0.000982
0.000982
0.000982
0.000982
0.000982
0.000982
0.000982
0.000982
0.000982
0.000982
0.000982
0.000982
0.000982
0.000982
0.000982
0.000982
0.000982
0.000982
0.000982
0.000982
0.000982
0.000982
0.000982
0.000982
0.000982
0.000982
0.000982
0.000982
0.000982
0.000982
0.000982
0.000982
0.000982
0.000982
0.000982
0.000982
0.000982
0.000982
0.000982
0.000982
0.000982
0.000982
0.000982
0.000982
0.000982
0.000982
0.000982
0.000982
0.000982
0.000982
0.000982
0.000982
0.000982
0.000982
0.000982
0.000982
0.000982
0.000982
0.000982
0.000982
0.000982
0.000982
0.000982
0.000982
0.000982
0.000982
0.000982
0.000982
0.000982
0.000982
0.000982
0.000982
0.000982
0.000982
0.000982
0.000982
0.000982
0.000982
0.000982
0.000982
0.000982
0.000982
0.000982
0.000982
0.000982
0.000982
0.000982
0.000982
0.000982
0.000982
0.000982
0.000982
0.000982
0.000982
0.000982
0.000982
0.000982
0.000982
0.000982
0.000982
0.000982
0.000982
0.000982
0.000982
0.000982
0.000982
0.000982
0.000982
0.000982
0.000982
0.000982
0.000982
0.000982
0.000982
0.000982
0.000982
0.000982
0.000982
0.000982
0.000982
0.000982
0.000982
0.000982
0.000982
0.000982
0.000982
0.000982
0.000982
0.000982
0.000982
0.000982
0.000982
0.000982
0.000982
0.000982
0.000982
0.000982
0.000982
0.000982
0.000982
0.000982
0.000982
0.000982
0.000982
0.000982
0.000982
0.000982
0.000982
0.000982
0.000982
0.000982
0.000982
0.000982
0.000982
0.000982
0.000982
0.000982
0.000982
0.000982
0.000982
0.000982
0.000982
0.000982
0.000982
0.000982
0.000982
0.000982
0.000982
0.000982
0.000982
0.000982
0.000982
0.000982
0.000982
0.000982
0.000982
0.000982
0.000982
0.000982
0.000982
0.000982
0.000982
0.000982
0.000982
0.000982
0.000982
0.000982
0.000982
0.000982
0.000982
0.000982
0.000982
0.000982
0.000982
0.000982
0.000982
0.000982
0.000982
0.000982
0.000982
0.000982
0.000982
0.000982
0.000982
0.000982
0.000982
0.000982
0.000982
0.000982
0.000982
0.000982
0.000982
0.000982
0.000982
0.000982
0.000982
0.000982
0.000982
0.000982
0.000982
0.000982
0.000982
0.000982
0.000982
0.000982
0.000982
0.000982
0.000982
0.000982
0.000982
0.000982
0.000982
0.000982
0.000982
0.000982
0.000982
0.000982
0.000982
0.000982
0.000982
0.000982
0.000982
0.000982
0.000982
0.000982
0.000982
0.000982
0.000982
0.000982
0.000982
0.000982
0.000982
0.000982
0.000982
0.000982
0.000982
0.000982
0.000982
0.000982
0.000982
0.000982
0.000982
0.000982
0.000982
0.000982
0.000982
0.000982
0.000982
0.000982
0.000982
0.000982
0.000982
0.000982
0.000982
0.000982
0.000982
0.000982
0.000982
0.000982
0.000982
0.000982
0.000982
0.000982
0.000982
0.000982
0.000982
0.000982
0.000982
0.000982
0.000982
0.000982
0.000982
0.000982
0.000982
0.000982
0.000982
0.000982
0.000982
0.000982
0.000982
0.000982
0.000982
0.000982
0.000982
0.000982
0.000982
0.000982
0.000982
0.000982
0.000982
0.000982
0.000982
0.000982
0.000982
0.000982
0.000982
0.000982
0.000982
0.000982
0.000982
0.000982
0.000982
0.000982
0.000982
0.000982
0.000982
0.000982
0.000982
0.000982
0.000982
0.000982
0.000982
0.000982
0.000982
0.000982
0.000982
0.000982
0.000982
0.000982
0.000982
0.000982
0.000982
0.000982
0.000982
0.000982
0.000982
0.000982
0.000982
0.000982
0.000982
0.000982
0.000982
0.000982
0.000982
0.000982
0.000982
0.000982
0.000982
0.000982
0.000982
0.000982
0.000982
0.000982
0.000982
0.000982
0.000982
0.000982
0.000982
0.000982
0.000982
0.000982
0.000982
0.000982
0.000982
0.000982
0.000982
0.000982
0.000982
0.000982
0.000982
0.000982
0.000982
0.000982
0.000982
0.000982
0.000982
0.000982
0.000982
0.000982
0.000982
0.000982
0.000982
0.000982
0.000982
0.000982
0.000982
0.000982
0.000982
0.000982
0.000982
0.000982
0.000982
0.000982
0.000982
0.000982
0.000982
0.000982
0.000982
0.000982
0.000982
0.000982
0.000982
0.000982
0.000982
0.000982
0.000982
0.000982
0.000982
0.000982
0.000982
0.000982
0.000982
0.000982
0.000982
0.000982
0.000982
0.000982
0.000982
0.000982
0.000982
0.000982
0.000982
0.000982
0.000982
0.000982
0.000982
0.000982
0.000982
0.000982
0.000982
0.000982
0.000982
0.000982
0.000982
0.000982
0.000982
0.000982
0.000982
0.000982
0.000982
0.000982
0.000982
0.000982
0.000982
0.000982
0.000982
0.000982
0.000982
0.000982
0.000982
0.000982
0.000982
0.000982
0.000982
0.000982
0.000982
0.000982
0.000982
0.000982
0.000982
0.000982
0.000982
0.000982
0.000982
0.000982
0.000982
0.000982
0.000982
0.000982
0.000982
0.000982
0.000982
0.000982
0.000982
0.000982
0.000982
0.000982
0.000982
0.000982
0.000982
0.000982
0.000982
0.000982
0.000982
0.000982
0.000982
0.000982
0.000982
0.000982
0.000982
0.000982
0.000982
0.000982
0.000982
0.000982
0.000982
0.000982
0.000982
0.000982
0.000982
0.000982
0.000982
0.000982
0.000982
0.000982
0.000982
0.000982
0.000982
0.000982
0.000982
0.000982
0.000982
0.000982
0.000982
0.000982
0.000982
0.000982
0.000982
0.000982
0.000982
0.000982
0.000982
0.000982
0.000982
0.000982
0.000982
0.000982
0.000982
0.000982
0.000982
0.000982
0.000982
0.000982
0.000982
0.000982
0.000982
0.000982
0.000982
0.000982
0.000982
0.000982
0.000982
0.000982
0.000982
0.000982
0.000982
0.000982
0.000982
0.000982
0.000982
0.000982
0.000982
0.000982
0.000982
0.000982
0.000982
0.000982
0.000982
0.000982
0.000982
0.000982
0.000982
0.000982
0.000982
0.000982
0.000982
0.000982
0.000982
0.000982
0.000982
0.000982
0.000982
0.000982
0.000982
0.000982
0.000982
0.000982
0.000982
0.000982
0.000982
0.000982
0.000982
0.000982
0.000982
0.000982
0.000982
0.000982
0.000982
0.000982
0.000982
0.000982
0.000982
0.000982
0.000982
0.000982
0.000982
0.000982
0.000982
0.000982
0.000982
0.000982
0.000982
0.000982
0.000982
0.000982
0.000982
0.000982
0.000982
0.000982
0.000982
0.000982
0.000982
0.000982
0.000982
0.000982
0.000982
0.000982
0.000982
0.000982
0.000982
0.000982
0.000982
0.000982
0.000982
0.000982
0.000982
0.000982
0.000982
0.000982
0.000982
0.000982
0.000982
0.000982
0.000982
0.000982
0.000982
0.000982
0.000982
0.000982
0.000982
0.000982
0.000982
0.000982
0.000982
0.000982
0.000982
0.000982
0.000982
0.000982
0.000982
0.000982
0.000982
0.000982
0.000982
0.000982
0.000982
0.000982
0.000982
0.000982
0.000982
0.000982
0.000982
0.000982
0.000982
0.000982
0.000982
0.000982
0.000982
0.000982
0.000982
0.000982
0.000982
0.000982
0.000982
0.000982
0.000982
0.000982
0.000982
0.000982
0.000982
0.000982
0.000982
0.000982
0.000982
0.000982
0.000982
0.000982
0.000982
0.000982
0.000982
0.000982
0.000982
0.000982
0.000982
0.000982
0.000982
0.000982
0.000982
0.000982
0.000982
0.000982
0.000982
0.000982
0.000982
0.000982
0.000982
0.000982
0.000982
0.000982
0.000982
0.000982
0.000982
0.000982
0.000982
0.000982
0.000982
0.000982
0.000982
0.000982
0.000982
0.000982
0.000982
0.000982
0.000982
0.000982
0.000982
0.000982
0.000982
0.000982
0.000982
0.000982
0.000982
0.000982
0.000982
0.000982
0.000982
0.000982
0.000982
0.000982
0.000982
0.000982
0.000982
0.000982
0.000982
0.000982
0.000982
0.000982
0.000982
0.000982
0.000982
0.000982
0.000982
0.000982
0.000982
0.000982
0.000982
0.000982
0.000982
0.000982
0.000982
0.000982
0.000982
0.000982
0.000982
0.000982
0.000982
0.000982
0.000982
0.000982
0.000982
0.000982
0.000982
0.000982
0.000982
0.000982
0.000982
0.000982
0.000982
0.000982
0.000982
0.000982
0.000982
0.000982
0.000982
0.000982
0.000982
0.000982
0.000982
0.000982
0.000982
0.000982
0.000982
0.000982
0.000982
0.000982
0.000982
0.000982
0.000982
0.000982
0.000982
0.000982
0.000982
0.000982
0.000982
0.000982
0.000982
0.000982
0.000982
0.000982
0.000982
0.000982
0.000982
0.000982
0.000982
0.000982
0.000982
0.000982
0.000982
0.000982
0.000982
0.000982
0.000982
0.000982
0.000982
0.000982
0.000982
0.000982
0.000982
0.000982
0.000982
0.000982
0.000982
0.000982
0.000982
0.000982
0.000982
0.000982
0.000982
0.000982
0.000982
0.000982
0.000982
0.000982
0.000982
0.000982
0.000982
0.000982
0.000982
0.000982
0.000982
0.000982
0.000982
0.000982
0.000982
0.000982
0.000982
0.000982
0.000982
0.000982
0.000982
0.000982
0.000982
0.000982
0.000982
0.000982
0.000982
0.000982
0.000982
0.000982
0.000982
0.000982
0.000982
0.000982
0.000982
0.000982
0.000982
0.000982
0.000982
0.000982
0.000982
0.000982
0.000982
0.000982
0.000982
0.000982
0.000982
0.000982
0.000982
0.000982
0.000982
0.000982
0.000982
0.000982
0.000982
0.000982
0.000982
0.000982
0.000982
0.000982
0.000982
0.000982
0.000982
0.000982
0.000982
0.000982
0.000982
0.000982
0.000982
0.000982
0.000982
0.000982
0.000982
0.000982
0.000982
0.000982
0.000982
0.000982
0.000982
0.000982
0.000982
0.000982
0.000982
0.000982
0.000982
0.000982
0.000982
0.000982
0.000982
0.000982
0.000982
0.000982
0.000982
0.000982
0.000982
0.000982
0.000982
0.000982
0.000982
0.000982
0.000982
0.000982
0.000982
0.000982
0.000982
0.000982
0.000982
0.000982
0.000982
0.000982
0.000982
0.000982
0.000982
0.000982
0.000982
0.000982
0.000982
0.000982
0.000982
0.000982
0.000982
0.000982
0.000982
0.000982
0.000982
0.000982
0.000982
0.000982
0.000982
0.000982
0.000982
0.000982
0.000982
0.000982
0.000982
0.000982
0.000982
0.000982
0.000982
0.000982
0.000982
0.000982
0.000982
0.000982
0.000982
0.000982
0.000982
0.000982
0.000982
0.000982
0.000982
0.000982
0.000982
0.000982
0.000982
0.000982
0.000982
0.000982
0.000982
0.000982
0.000982
0.000982
0.000982
0.000982
0.000982
0.000982
0.000982
0.000982
0.000982
0.000982
0.000982
0.000982
0.000982
0.000982
0.000982
0.000982
0.000982
0.000982
0.000982
0.000982
0.000982
0.000982
0.000982
0.000982
0.000982
0.000982
0.000982
0.000982
0.000982
0.000982
0.000982
0.000982
0.000982
0.000982
0.000982
0.000982
0.000982
0.000982
0.000982
0.000982
0.000982
0.000982
0.000982
0.000982
0.000982
0.000982
0.000982
0.000982
0.000982
0.000982
0.000982
0.000982
0.000982
0.000982
0.000982
0.000982
0.000982
0.000982
0.000982
0.000982
0.000982
0.000982
0.000982
0.000982
0.000982
0.000982
0.000982
0.000982
0.000982
0.000982
0.000982
0.000982
0.000982
0.000982
0.000982
0.000982
0.000982
0.000982
0.000982
0.000982
0.000982
0.000982
0.000982
0.000982
0.000982
0.000982
0.000982
0.000982
0.000982
0.000982
0.000982
0.000982
0.000982
0.000982
0.000982
0.000982
0.000982
0.000982
0.000982
0.000982
0.000982
0.000982
0.000982
0.000982
0.000982
0.000982
0.000982
0.000982
0.000982
0.000982
0.000982
0.000982
0.000982
0.000982
0.000982
0.000982
0.000982
0.000982
0.000982
0.000982
0.000982
0.000982
0.000982
0.000982
0.000982
0.000982
0.000982
0.000982
0.000982
0.000982
0.000982
0.000982
0.000982
0.000982
0.000982
0.000982
0.000982
0.000982
0.000982
0.000982
0.000982
0.000982
0.000982
0.000982
0.000982
0.000982
0.000982
0.000982
0.000982
0.000982
0.000982
0.000982
0.000982
0.000982
0.000982
0.000982
0.000982
0.000982
0.000982
0.000982
0.000982
0.000982
0.000982
0.000982
0.000982
0.000982
0.000982
0.000982
0.000982
0.000982
0.000982
0.000982
0.000982
0.000982
0.000982
0.000982
0.000982
0.000982
0.000982
0.000982
0.000982
0.000982
0.000982
0.000982
0.000982
0.000982
0.000982
0.000982
0.000982
0.000982
0.000982
0.000982
0.000982
0.000982
0.000982
0.000982
0.000982
0.000982
0.000982
0.000982
0.000982
0.000982
0.000982
0.000982
0.000982
0.000982
0.000982
0.000982
0.000982
0.000982
0.000982
0.000982
0.000982
0.000982
0.000982
0.000982
0.000982
0.000982
0.000982
0.000982
0.000982
0.000982
0.000982
0.000982
0.000982
0.000982
0.000982
0.000982
0.000982
0.000982
0.000982
0.000982
0.000982
0.000982
0.000982
0.000982
0.000982
0.000982
0.000982
0.000982
0.000982
0.000982
0.000982
0.000982
0.000982
0.000982
0.000982
0.000982
0.000982
0.000982
0.000982
0.000982
0.000982
0.000982
0.000982
0.000982
0.000982
0.000982
0.000982
0.000982
0.000982
0.000982
0.000982
0.000982
0.000982
0.000982
0.000982
0.000982
0.000982
0.000982
0.000982
0.000982
0.000982
0.000982
0.000982
0.000982
0.000982
0.000982
0.000982
0.000982
0.000982
0.000982
0.000982
0.000982
0.000982
0.000982
0.000982
0.000982
0.000982
0.000982
0.000982
0.000982
0.000982
0.000982
0.000982
0.000982
0.000982
0.000982
0.000982
0.000982
0.000982
0.000982
0.000982
0.000982
0.000982
0.000982
0.000982
0.000982
0.000982
0.000982
0.000982
0.000982
0.000982
0.000982
0.000982
0.000982
0.000982
0.000982
0.000982
0.000982
0.000982
0.000982
0.000982
0.000982
0.000982
0.000982
0.000982
0.000982
0.000982
0.000982
0.000982
0.000982
0.000982
0.000982
0.000982
0.000982
0.000982
0.000982
0.000982
0.000982
0.000982
0.000982
0.000982
0.000982
0.000982
0.000982
0.000982
0.000982
0.000982
0.000982
0.000982
0.000982
0.000982
0.000982
0.000982
0.000982
0.000982
0.000982
0.000982
0.000982
0.000982
0.000982
0.000982
0.000982
0.000982
0.000982
0.000982
0.000982
0.000982
0.000982
0.000982
0.000982
0.000982
0.000982
0.000982
0.000982
0.000982
0.000982
0.000982
0.000982
0.000982
0.000982
0.000982
0.000982
0.000982
0.000982
0.000982
0.000982
0.000982
0.000982
0.000982
0.000982
0.000982
0.000982
0.000982
0.000982
0.000982
0.000982
0.000982
0.000982
0.000982
0.000982
0.000982
0.000982
0.000982
0.000982
0.000982
0.000982
0.000982
0.000982
0.000982
0.000982
0.000982
0.000982
0.000982
0.000982
0.000982
0.000982
0.000982
0.000982
0.000982
0.000982
0.000982
0.000982
0.000982
0.000982
0.000982
0.000982
0.000982
0.000982
0.000982
0.000982
0.000982
0.000982
0.000982
0.000982
0.000982
0.000982
0.000982
0.000982
0.000982
0.000982
0.000982
0.000982
0.000982
0.000982
0.000982
0.000982
0.000982
0.000982
0.000982
0.000982
0.000982
0.000982
0.000982
0.000982
0.000982
0.000982
0.000982
0.000982
0.000982
0.000982
0.000982
0.000982
0.000982
0.000982
0.000982
0.000982
0.000982
0.000982
0.000982
0.000982
0.000982
0.000982
0.000982
0.000982
0.000982
0.000982
0.000982
0.000982
0.000982
0.000982
0.000982
0.000982
0.000982
0.000982
0.000982
0.000982
0.000982
0.000982
0.000982
0.000982
0.000982
0.000982
0.000982
0.000982
0.000982
0.000982
0.000982
0.000982
0.000982
0.000982
0.000982
0.000982
0.000982
0.000982
0.000982
0.000982
0.000982
0.000982
0.000982
0.000982
0.000982
0.000982
0.000982
0.000982
0.000982
0.000982
0.000982
0.000982
0.000982
0.000982
0.000982
0.000982
0.000982
0.000982
0.000982
0.000982
0.000982
0.000982
0.000982
0.000982
0.000982
0.000982
0.000982
0.000982
0.000982
0.000982
0.000982
0.000982
0.000982
0.000982
0.000982
0.000982
0.000982
0.000982
0.000982
0.000982
0.000982
0.000982
0.000982
0.000982
0.000982
0.000982
0.000982
0.000982
0.000982
0.000982
0.000982
0.000982
0.000982
0.000982
0.000982
0.000982
0.000982
0.000982
0.000982
0.000982
0.000982
0.000982
0.000982
0.000982
0.000982
0.000982
0.000982
0.000982
0.000982
0.000982
0.000982
0.000982
0.000982
0.000982
0.000982
0.000982
0.000982
0.000982
0.000982
0.000982
0.000982
0.000982
0.000982
0.000982
0.000982
0.000982
0.000982
0.000982
0.000982
0.000982
0.000982
0.000982
0.000982
0.000982
0.000982
0.000982
0.000982
0.000982
0.000982
0.000982
0.000982
0.000982
0.000982
0.000982
0.000982
0.000982
0.000982
0.000982
0.000982
0.000982
0.000982
0.000982
0.000982
0.000982
0.000982
0.000982
0.000982
0.000982
0.000982
0.000982
0.000982
0.000982
0.000982
0.000982
0.000982
0.000982
0.000982
0.000982
0.000982
0.000982
0.000982
0.000982
0.000982
0.000982
0.000982
0.000982
0.000982
0.000982
0.000982
0.000982
0.000982
0.000982
0.000982
0.000982
0.000982
0.000982
0.000982
0.000982
0.000982
0.000982
0.000982
0.000982
0.000982
0.000982
0.000982
0.000982
0.000982
0.000982
0.000982
0.000982
0.000982
0.000982
0.000982
0.000982
0.000982
0.000982
0.000982
0.000982
0.000982
0.000982
0.000982
0.000982
0.000982
0.000982
0.000982
0.000982
0.000982
0.000982
0.000982
0.000982
0.000982
0.000982
0.000982
0.000982
0.000982
0.000982
0.000982
0.000982
0.000982
0.000982
0.000982
0.000982
0.000982
0.000982
0.000982
0.000982
0.000982
0.000982
0.000982
0.000982
0.000982
0.000982
0.000982
0.000982
0.000982
0.000982
0.000982
0.000982
0.000982
0.000982
0.000982
0.000982
0.000982
0.000982
0.000982
0.000982
0.000982
0.000982
0.000982
0.000982
0.000982
0.000982
0.000982
0.000982
0.000982
0.000982
0.000982
0.000982
0.000982
0.000982
0.000982
0.000982
0.000982
0.000982
0.000982
0.000982
0.000982
0.000982
0.000982
0.000982
0.000982
0.000982
0.000982
0.000982
0.000982
0.000982
0.000982
0.000982
0.000982
0.000982
0.000982
0.000982
0.000982
0.000982
0.000982
0.000982
0.000982
0.000982
0.000982
0.000982
0.000982
0.000982
0.000982
0.000982
0.000982
0.000982
0.000982
0.000982
0.000982
0.000982
0.000982
0.01435964
0.072548
0.01434631
0.01497201
0.00343829
0.0033503
0.00604618
0.03186127
0.0034823
0.00661935
0.05095948
0.00988091
0.00196431
0.00455623
0.00021248
0.00687201
0.01484402
0.0018723
0.01069777
0.00527103
0.00073506
5.01577879
0.08012158
0.00123334
0.00044067
0.01461159
0.00074938
0.00081031
0.03352184
0.79763211
0.00089786
0.00048696
0.00976686
0.00195738
0.00108902
0.0030757
0.00305158
0.0019757
0.0019757
0.0019757
0.00294632
0.00292736
0.00262631
0.00230873
0.00228633
0.00052945
0.365471
0.00757988
0.00627988
0.00185221
0.00285705
0.0055364
0.00097372
0.00097372
0.00320586
0.00103892
0.1764026
0.13246444
0.07219482
0.06375075
0.03037269
0.10114595
2.07683138
0.01363998
0.00945
0.01761779
5.5510451
0.00964515
0.01827053
0.077871
0.00197574
0.00147574
0.00350241
0.04245284
0.00120377
3.6658166
7.30770637
0.0009719
0.01216826
0.03776823
0.00002724
0.00317096
0.22798129
0.00493417
0.00002761
0.00002761
0.00002761
0.00002761
0.00097376
0.00097376
0.00668797
0.01996797
0.00242598
0.00105598
0.01162598
0.0042983
0.00047872
0.0010711
0.00023931
0.00423566
0.00088436
0.05045281
0.00505285
0.00501667
0.00498049
0.00494431
0.00490813
0.00487195
0.00483577
0.00479959
0.004835
0.00479882
0.00476264
0.00476341
0.00472646
0.00469028
0.0046541
0.00461792
0.00458174
0.00454556
0.00472723
0.00027279
0.00450938
0.00102588
0.00123812
0.00795042
0.01283827
0.00158095
0.00064166
0.00000546
0.00561917
0.00000546
0.00556071
0.00000546
0.00787032
0.00002274
0.00180184
0.0154001
0.00312423
0.00014052
0.00292005
0.00556963
0.00207024
0.0020217
0.01340038
0.01557932
0.02357247
0.3627058
0.30381547
0.00007994
0.00007994
1.91383841
0.00409901
0.18655288
1.05997826
0.02013236
0.00390011
0.0357172
0.00002996
0.0795498
0.01128117
0.01988961
0.00025703
0.01825266
0.0535359
0.0458828
0.00053392
0.00039342
0.00023272
0.00000546
0.00000546
0.00000546
0.0000286
0.02145394
0.04574409
0.0372228
0.01254349
0.01216461
0.01148953
0.00380086
0.0025213
0.00285583
0.00052668
0.00000546
0.00000546
0.00000546
0.00000546
0.00000546
0.00000546
0.00000546
0.00000546
0.00000546
0.00269714
0.00167785
0.06793027
0.0000509
0.14030339
0.0117131
0.00002761
0.00177851
0.06883578
0.06516184
0.00026754
0.00045312
0.61740523
0.00012689